1011101110111011101110111011101
0200000000000300000000000000020
1011101110111011101110111011101
1011101110111011101110111011101
1011101110111011101110111011101
0000030000000000000000000000000
1011101110111011101110111011101
1011101110111011101110111011101
1011101110111011101110111011101
0000000000000000000000000000000
1011101110111011101110111011101
1011101110111011101110111011101
1011101110111011101110111011101
0300000000000000000000000000030
1011101110111011101110111011101
1011101110111011101110111011101
1011101110111011101110111011101
0000000000000000000000000000000
1011101110111011101110111011101
1011101110111011101110111011101
1011101110111011101110111011101
0000000000000000000000000000000
1011101110111011101110111011101
1011101110111011101110111011101
1011101110111011101110111011101
0000000000000000000000000300000
1011101110111011101110111011101
1011101110111011101110111011101
1011101110111011101110111011101
0200000000000300000000000000040
1011101110111011101110111011101
